2.6764888e-02 -9.8696515e-01 -9.9366097e-01 -6.6345682e-01
6.8840209e-01 -9.7410327e-01 -9.2926643e-01 -4.2233608e-01
9.6605353e-01 -8.8547646e-01 -5.2493099e-01 -1.5290567e-01
9.9574335e-01 -3.6103615e-01 -5.0391625e-01 2.1043768e-02
-3.6698454e-01 -9.9012801e-01 -9.9845410e-01 -7.9286664e-01
2.2168885e-01 -9.8191602e-01 -9.9252149e-01 -5.9882297e-01
9.4912788e-01 -9.2397887e-01 -5.0383357e-01 -1.6181328e-01
1.8060284e-01 -9.8369327e-01 -9.9212278e-01 -6.1241626e-01
-1.6368157e-01 -9.8843373e-01 -9.9680130e-01 -7.2634322e-01
7.5328744e-01 -9.6530137e-01 -9.3432889e-01 -4.0076572e-01
